# ---------------------------------------------------------- 
#            INITIAL VALUES PER AGE GROUP                    
# ---------------------------------------------------------- 

POPULATION_S   	595751.0       	616527.0       	642653.0       	645787.0       	681809.0       	721532.0       	689937.0       	646579.0       	612388.0       	611942.0       	634113.0       	659177.0       	620839.0       	529240.0       	418119.0       	673599.0       	
EXPOSED_E      	0.11915029532023626	0.12330549864439891	0.12853070282456225	0.12915750332600265	0.13636190908952728	0.14430651544521236	0.1379875103900083	0.12931590345272276	0.12247769798215838	0.12238849791079832	0.12682270145816116	0.13183550546840436	0.12416789933431947	0.10584808467846775	0.08362386689909351	0.1347199077759262	
ASYMPTOMATIC_A 	0.0            	0.0            	0.0            	0.0            	0.0            	0.0            	0.0            	0.0            	0.0            	0.0            	0.0            	0.0            	0.0            	1.0            	0.0            	0.0            	
INFECTED_I     	0.0            	0.0            	0.0            	0.0            	0.0            	0.0            	0.0            	0.0            	0.0            	0.0            	0.0            	0.0            	0.0            	1.0            	0.0            	0.0            	
RECOVERED_R    	0.0            	0.0            	0.0            	0.0            	0.0            	0.0            	0.0            	0.0            	0.0            	0.0            	0.0            	0.0            	0.0            	0.0            	0.0            	0.0            	
RECOVERED_SYMPTOMATIC_Ri	0.0            	0.0            	0.0            	0.0            	0.0            	0.0            	0.0            	0.0            	0.0            	0.0            	0.0            	0.0            	0.0            	0.0            	0.0            	0.0            	


# ---------------------------------------------------------- 
#               PARAMETERS (fixed in time)                   
# ---------------------------------------------------------- 

LAMBDA         	0.0            	0.0            	0.0            	0.0            	0.0            	0.0            	0.0            	0.0            	0.0            	0.0            	0.0            	0.0            	0.0            	0.0            	0.0            	0.0            	
MORT_EQ        	0.0            	0.0            	0.0            	0.0            	0.0            	0.0            	0.0            	0.0            	0.0            	0.0            	0.0            	0.0            	0.0            	0.0            	0.0            	0.0            	
MORT_COV       	0.029187267481193043	0.029187267481193043	0.0012240972130425913	0.0012240972130425913	0.005442389047915981	0.005442389047915981	0.004618811363958209	0.004618811363958209	0.007171702965306693	0.007171702965306693	0.014391930808722227	0.014391930808722227	0.03361482441288051	0.03361482441288051	0.03694439889648752	0.06732857742817819	
ALPHA          	0.25           	0.25           	0.25           	0.25           	0.25           	0.25           	0.25           	0.25           	0.25           	0.25           	0.25           	0.25           	0.25           	0.25           	0.25           	0.25           	
RHO            	0.4            	0.4            	0.4            	0.4            	0.8            	0.8            	0.8            	0.8            	0.8            	0.8            	0.8            	0.8            	0.8            	0.8            	0.8            	0.8            	
PHI            	0.0001         	0.0001         	0.0104         	0.0104         	0.0104         	0.0104         	0.0343         	0.0343         	0.0425         	0.0425         	0.0816         	0.0816         	0.118          	0.118          	0.3            	0.3            	
ETA            	3.33e-05       	3.33e-05       	0.0001         	0.0001         	0.003466667    	0.003466667    	0.011433333    	0.011433333    	0.014166667    	0.014166667    	0.0272         	0.0272         	0.039333333    	0.039333333    	0.055333333    	0.056666667    	
A              	0.1331221002498184	0.1331221002498184	0.1331221002498184	0.1331221002498184	0.1331221002498184	0.1331221002498184	0.1331221002498184	0.1331221002498184	0.1331221002498184	0.1331221002498184	0.1331221002498184	0.1331221002498184	0.1331221002498184	0.1331221002498184	0.1331221002498184	0.1331221002498184	
GAMA_H         	1.8128737565958416e-05	1.8128737565958416e-05	0.001905012295865995	0.001905012295865995	0.001905012295865995	0.001905012295865995	0.006438371305193355	0.006438371305193355	0.008045893466512556	0.008045893466512556	0.016105804169029493	0.016105804169029493	0.024251441198183836	0.024251441198183836	0.07768682010943637	0.07768682010943637	
GAMA_HR        	0.11750309741540454	0.11750309741540454	0.11750309741540454	0.11750309741540454	0.11750309741540454	0.11750309741540454	0.11750309741540454	0.11750309741540454	0.11750309741540454	0.11750309741540454	0.11750309741540454	0.11750309741540454	0.11750309741540454	0.11750309741540454	0.11750309741540454	0.11750309741540454	
GAMA_RI        	0.18126924692201818	0.18126924692201818	0.18126924692201818	0.18126924692201818	0.18126924692201818	0.18126924692201818	0.18126924692201818	0.18126924692201818	0.18126924692201818	0.18126924692201818	0.18126924692201818	0.18126924692201818	0.18126924692201818	0.18126924692201818	0.18126924692201818	0.18126924692201818	
GAMA_RA        	0.18126924692201818	0.18126924692201818	0.18126924692201818	0.18126924692201818	0.18126924692201818	0.18126924692201818	0.18126924692201818	0.18126924692201818	0.18126924692201818	0.18126924692201818	0.18126924692201818	0.18126924692201818	0.18126924692201818	0.18126924692201818	0.18126924692201818	0.18126924692201818	
GAMA_RQI       	0.18126924692201818	0.18126924692201818	0.18126924692201818	0.18126924692201818	0.18126924692201818	0.18126924692201818	0.18126924692201818	0.18126924692201818	0.18126924692201818	0.18126924692201818	0.18126924692201818	0.18126924692201818	0.18126924692201818	0.18126924692201818	0.18126924692201818	0.18126924692201818	
GAMA_RQA       	0.18126924692201818	0.18126924692201818	0.18126924692201818	0.18126924692201818	0.18126924692201818	0.18126924692201818	0.18126924692201818	0.18126924692201818	0.18126924692201818	0.18126924692201818	0.18126924692201818	0.18126924692201818	0.18126924692201818	0.18126924692201818	0.18126924692201818	0.18126924692201818	
GAMA_HQI       	1.8128737565958416e-05	1.8128737565958416e-05	0.001905012295865995	0.001905012295865995	0.001905012295865995	0.001905012295865995	0.006438371305193355	0.006438371305193355	0.008045893466512556	0.008045893466512556	0.016105804169029493	0.016105804169029493	0.024251441198183836	0.024251441198183836	0.07768682010943637	0.07768682010943637	
TC             	1.61e-05       	1.61e-05       	6.95e-05       	6.95e-05       	0.000309       	0.000309       	0.000844       	0.000844       	0.00161        	0.00161        	0.00595        	0.00595        	0.0193         	0.0193         	0.0428         	0.078          	
TLC            	0.16099999999999998	0.16099999999999998	0.006682692307692308	0.006682692307692308	0.02971153846153846	0.02971153846153846	0.0246064139941691	0.0246064139941691	0.03788235294117647	0.03788235294117647	0.07291666666666667	0.07291666666666667	0.16355932203389834	0.16355932203389834	0.14266666666666666	0.26           	

# ---------------------------------------------------------- 
DAY 1.0 
GAMA 		0.18126924692201818 0.18126924692201818 0.18126924692201818 0.18126924692201818 0.18126924692201818 0.18126924692201818 0.18126924692201818 0.18126924692201818 0.18126924692201818 0.18126924692201818 0.18126924692201818 0.18126924692201818 0.18126924692201818 0.18126924692201818 0.18126924692201818 0.18126924692201818 
xI 			0.0                0.0                0.0                0.0                0.0                0.0                0.0                0.0                0.0                0.0                0.0                0.0                0.0                0.0                0.0                0.0                
xA 			0.0                0.0                0.0                0.0                0.0                0.0                0.0                0.0                0.0                0.0                0.0                0.0                0.0                0.0                0.0                0.0                
BETA 		1.12943294404158   0.4505959287366088 0.18038659780785182 0.1114592627126065 0.14095678629298367 0.24439487454502035 0.35866572921905165 0.3624095207663766 0.1937641329526008 0.14159155528653622 0.13452859227192943 0.13416816754073113 0.10221857813666652 0.08179765342871247 0.05085252689858192 0.03360846695631766 
     	    0.4574701232557002 2.34141251099222   0.5829441725329706 0.15337191539268943 0.07863687666763464 0.17232381684882342 0.35145911925757856 0.4453057924308785 0.35912320531228803 0.1755501891657406 0.1494424375867742 0.1389649884311937 0.10235099287173482 0.0955518119850383 0.06378911728134312 0.041963907787862964 
     	    0.16429278647842924 0.7840189372028958 3.601215794732587  0.6486829608749748 0.14055206438842457 0.10706523912897516 0.23629762406496457 0.37995489636766855 0.4744659101985461 0.27837117868404976 0.2194794371002085 0.1341073227643464 0.07262683853299659 0.08109654616870561 0.0721339984962999 0.06169297070158401 
     	    0.09743875461753383 0.1877004097840465 1.112384370343181  4.827749356709481  0.7728687546597728 0.31664076672527053 0.2457420495718506 0.37321499430306665 0.5213448596461541 0.5336132143087081 0.3336745552661958 0.18348773641866667 0.08805000532046217 0.054840643864948836 0.05726693470477231 0.043119293735526344 
     	    0.1474737091264422 0.10109613570713304 0.15418276187349805 1.101556379232848  1.8506231441084107 0.7469855960317308 0.4757187451768952 0.44163699705146886 0.4390267444992104 0.5041728484122436 0.3761932930815174 0.22510065583917824 0.0909791430090723 0.054473449385862294 0.0484768867520199 0.028300246968100816 
     	    0.3227450554618393 0.19386996541426366 0.11271414452454004 0.4191651256937938 0.9013593362505186 1.4843236862248637 0.77803959116495   0.6429749195757534 0.5818929399531123 0.4917754937188308 0.4923264311125291 0.3163992560146612 0.13257746235631515 0.06603039589677184 0.04418582479929955 0.023383747622444682 
     	    0.38756084258616613 0.44815817271502845 0.31154433912491364 0.25132900419230614 0.4535535623464142 0.6952357120584572 1.1842909291786254 0.774464800787443  0.6610351461732962 0.5180389723923026 0.4179487492713094 0.32128317625392017 0.15879399976538747 0.09537788451901694 0.05126583806477901 0.038026872641260916 
     	    0.35244531409260793 0.49395186269630686 0.3929352577832544 0.3458241387218355 0.3294453426737586 0.5061055281882373 0.654854332823517  1.2087909114525774 0.8226880798179008 0.5606155745988802 0.4140633169375743 0.25516016398322366 0.17186464902273488 0.1202363808499111 0.08735930164214502 0.041212436375852604 
     	    0.17049739242018583 0.33206334373839275 0.4235025714339413 0.4785341332079391 0.34496298302776585 0.4191058464490021 0.5458044442255682 0.7032288303714714 1.0967578726223053 0.6327514684441807 0.48974931358346085 0.234514210197641  0.1373698336690525 0.10550555975420274 0.10048623646563497 0.04672311234239183 
     	    0.1599400335672017 0.2190804461103861 0.29115875735715335 0.612477806574248  0.3701836306105283 0.3540794778961853 0.43113242012025843 0.5305820719497552 0.6222372449274817 0.8832881405019833 0.520076217464996  0.25100867738453325 0.11845118955280898 0.07180320845623922 0.08506266132148334 0.06578488030688598 
     	    0.14554591449836807 0.25536953982458777 0.36906681649005657 0.5128948984519999 0.3826854208077662 0.4549093841732939 0.4254809216539846 0.46036720034950107 0.6332530172604298 0.6976721028838898 0.8391539530229678 0.4081237754371728 0.16420085285532615 0.09167174858986488 0.08175017295108873 0.06200702265294317 
     	    0.22933048976597872 0.28410830491620614 0.2716102066012552 0.3598075134492405 0.28659683167856465 0.40822243219468685 0.43497286931680884 0.37784473257259077 0.43429221835920745 0.3985202963086398 0.5143650236776791 0.6948907956386817 0.2711174869712643 0.1424872157279464 0.08841608320713984 0.044374221080358135 
     	    0.1730670521683469 0.1616844792890088 0.1171801019110848 0.16799103315184   0.13548741276770165 0.1844310069461863 0.2267957291241081 0.2677692114152566 0.23389873045331414 0.20255699270312785 0.20866703486516522 0.27528114077761784 0.46469203075273596 0.20509765296761753 0.15805942633399175 0.040151676045722715 
     	    0.09127058440274993 0.1284042402252855 0.10177787831625719 0.06713343711786351 0.07066592183972645 0.08300235199723185 0.1244630680597539 0.14810989442461273 0.15848110935319068 0.09735373393978608 0.10499035973202941 0.13089117544237977 0.1683938872801051 0.39125154470531864 0.15538571303639764 0.04779538236496107 
     	    0.03015888371154398 0.06963497983491082 0.0668874382468628 0.06788920981033682 0.03172490858358051 0.04084019401512555 0.043849961174256075 0.08135085026735071 0.1172995860517638 0.08925187074545192 0.07076514148105756 0.06040303499926136 0.1144939101479575 0.13812888496828057 0.29729622309245135 0.06552002514145357 
     	    0.08506066214087017 0.10781352050925273 0.15145316486405877 0.11827826253655363 0.048714101358308594 0.04781753582128772 0.07796925949035774 0.10463747050627877 0.13117592373434564 0.167000670078442  0.1430237908853732 0.08130153317193985 0.06864784487092261 0.11803130103578395 0.18187688082022394 0.17225003166009675 

# ---------------------------------------------------------- 
DAY 48.0 
GAMA 		0.18126924692201818 0.18126924692201818 0.18126924692201818 0.18126924692201818 0.18126924692201818 0.18126924692201818 0.18126924692201818 0.18126924692201818 0.18126924692201818 0.18126924692201818 0.18126924692201818 0.18126924692201818 0.18126924692201818 0.18126924692201818 0.18126924692201818 0.18126924692201818 
xI 			0.0                0.0                0.0                0.0                0.0                0.0                0.0                0.0                0.0                0.0                0.0                0.0                0.0                0.0                0.0                0.0                
xA 			0.0                0.0                0.0                0.0                0.0                0.0                0.0                0.0                0.0                0.0                0.0                0.0                0.0                0.0                0.0                0.0                
BETA 		0.694118127699458  0.2690795656092687 0.10495114592066164 0.06150877786483031 0.07342996097853123 0.13699206627583757 0.2138813533522222 0.2192366969551969 0.10549040806435717 0.07726738570801762 0.0643782822747544 0.06836669202619043 0.05273720561278346 0.03688610063917709 0.020200642831402996 0.0193796304715283 
     	    0.26614625225825506 1.455600351481152  0.3246952464827587 0.08089165590791832 0.03592646261405459 0.09460418977223975 0.21829724336578726 0.27597765317862377 0.21546533009647517 0.10369834903140553 0.08573642680921538 0.0791334772267117 0.05125251546133229 0.04791630029493357 0.03391433406593851 0.025178201897637975 
     	    0.09397111651089615 0.4519152494187698 2.2158798560682897 0.37349995827232035 0.06175469188689071 0.05001293701039797 0.13574312027161878 0.23475573219531312 0.28797357855112   0.16491837359669786 0.13107191336298696 0.0796242095183699 0.03833461836323035 0.04194255186922274 0.036379712832144376 0.03714271779517421 
     	    0.05450220615770407 0.09584265192899238 0.6516207176583717 2.9442111514664626 0.40878488468222496 0.17564662622690197 0.14583811107892253 0.23321774764547054 0.3355282015549122 0.34491641975952986 0.2178452149951396 0.12137314648508032 0.052088320370265  0.0285595299102196 0.029514475686186495 0.028337934615622604 
     	    0.09205056554030007 0.05720819218419614 0.0871248649698197 0.6648067566938229 1.1315127662886013 0.4630802937427323 0.3005927890327816 0.29079669189249313 0.29213424139311234 0.3342994661800718 0.24707749287976727 0.1451415715472571 0.05470543031498799 0.02937488594948802 0.024018143448841265 0.015626051638415444 
     	    0.2105488821476873 0.12640238876466575 0.06857247067453912 0.26548138730295356 0.5603666669225817 0.972905107952711  0.5016230206507231 0.42059772701602305 0.39008509090063614 0.32401793982956295 0.3227229363902974 0.2063440163038398 0.0819097510530453 0.034962279756016665 0.022729352069826896 0.013590226824502328 
     	    0.2584187237653317 0.3120343441228447 0.2056889349568426 0.1643880296163751 0.28683047036985354 0.44988309698483037 0.7965440782629232 0.5084914410140261 0.44254573038641204 0.34491437608763176 0.26797919496876277 0.20150231951282452 0.09591686911351557 0.05032772291098611 0.0260390663748227 0.02017764750590651 
     	    0.23650569666886742 0.3392045609150479 0.2709415071898542 0.23935247298578724 0.21441329061880093 0.3297349078417193 0.4263246931951727 0.8193930019223927 0.5498058941923064 0.37175292956353745 0.2738711812928783 0.1585964276627816 0.09652116750498863 0.06450370141426522 0.0457674634350563 0.02435557236342051 
     	    0.1087971370343525 0.22428147124585146 0.2843236946426966 0.33463054050530144 0.22784617569995427 0.2799154932550799 0.3619420838271743 0.4676324007103197 0.7510257271437164 0.42618964090705325 0.3286559449440255 0.15103558010824383 0.0786776606184933 0.05907718795131331 0.055735733223595485 0.028707618760735267 
     	    0.10997857322525176 0.15268208487469231 0.2024779972813827 0.43452662660898833 0.2488267448675041 0.23532066044786482 0.28717330575351946 0.3531705734067656 0.4184238473630609 0.6075521403043547 0.3409427607243153 0.16320982030151   0.0664252622826638 0.03621632349519699 0.045386179987097874 0.03943334191848262 
     	    0.09442732801545417 0.17429479545344853 0.25747793907261324 0.3591097236884113 0.24669372118233057 0.2938310608983997 0.2788571208493319 0.3044188512960651 0.42445383913696383 0.46017623791021467 0.5741866023694455 0.25751333585015224 0.09062617788694163 0.044253270239892485 0.04216471376804556 0.037769465457406545 
     	    0.1548854097397728 0.19902045666204168 0.190770341360879  0.2561354348319058 0.18540379093709694 0.26330977135695044 0.2767225869584914 0.23773952119581016 0.2785561030988909 0.2598941338155373 0.3241642999624602 0.45892657242661766 0.15607994245614468 0.07272486839515958 0.04296283956670812 0.02425379952646534 
     	    0.11842784090190692 0.10921736889157693 0.07930174226339179 0.11453720292487428 0.08187705312621156 0.11147689256171237 0.13919579313624653 0.1582252795636679 0.13563412068099207 0.11593639202099518 0.11977405786388266 0.15953341988869468 0.3008774415111899 0.11130464804125881 0.0783938379429298 0.019553459976046822 
     	    0.05945938416462723 0.08621051171692445 0.06960941171306186 0.04438967534632197 0.04045388197218111 0.04506111062588   0.06961792992047636 0.08579453009836555 0.09325330315143768 0.05040806736021782 0.052278455141602856 0.06799515068714579 0.09170058845669084 0.2567073796979037 0.0876163149425768 0.024344982588457586 
     	    0.019073749324231334 0.04807370599594336 0.04478298214890679 0.043055466429427314 0.016612295641213085 0.02220842485242426 0.02341885176494272 0.045972959602282135 0.06906939343021076 0.050713982332265026 0.038939056857937505 0.03060982619020887 0.0586512760358592 0.07553396822767305 0.18717851500659483 0.039278143319718274 
     	    0.05904265019781625 0.07598777687406849 0.10681567485625783 0.08511976784269644 0.029614767790407136 0.028491355841582036 0.04332723248339755 0.06499210265502768 0.08393195968656918 0.10488916157228748 0.09176332421590119 0.04599487868954838 0.0348663266168499 0.06251163324154177 0.1074089007976646 0.11689353287040659 

# ---------------------------------------------------------- 
DAY 60.0 
GAMA 		0.18126924692201818 0.18126924692201818 0.18126924692201818 0.18126924692201818 0.18126924692201818 0.18126924692201818 0.18126924692201818 0.18126924692201818 0.18126924692201818 0.18126924692201818 0.18126924692201818 0.18126924692201818 0.18126924692201818 0.18126924692201818 0.18126924692201818 0.18126924692201818 
xI 			0.0                0.0                0.0                0.0                0.0                0.0                0.0                0.0                0.0                0.0                0.0                0.0                0.0                0.0                0.0                0.0                
xA 			0.0                0.0                0.0                0.0                0.0                0.0                0.0                0.0                0.0                0.0                0.0                0.0                0.0                0.0                0.0                0.0                
BETA 		0.694118127699458  0.2690795656092687 0.10495114592066164 0.06150877786483031 0.07342996097853123 0.13699206627583757 0.2138813533522222 0.2192366969551969 0.10549040806435717 0.07726738570801762 0.0643782822747544 0.06836669202619043 0.05273720561278346 0.03688610063917709 0.020200642831402996 0.0193796304715283 
     	    0.26614625225825506 1.455600351481152  0.3246952464827587 0.08089165590791832 0.03592646261405459 0.09460418977223975 0.21829724336578726 0.27597765317862377 0.21546533009647517 0.10369834903140553 0.08573642680921538 0.0791334772267117 0.05125251546133229 0.04791630029493357 0.03391433406593851 0.025178201897637975 
     	    0.09397111651089615 0.4519152494187698 2.2158798560682897 0.37349995827232035 0.06175469188689071 0.05001293701039797 0.13574312027161878 0.23475573219531312 0.28797357855112   0.16491837359669786 0.13107191336298696 0.0796242095183699 0.03833461836323035 0.04194255186922274 0.036379712832144376 0.03714271779517421 
     	    0.05450220615770407 0.09584265192899238 0.6516207176583717 2.9442111514664626 0.40878488468222496 0.17564662622690197 0.14583811107892253 0.23321774764547054 0.3355282015549122 0.34491641975952986 0.2178452149951396 0.12137314648508032 0.052088320370265  0.0285595299102196 0.029514475686186495 0.028337934615622604 
     	    0.09205056554030007 0.05720819218419614 0.0871248649698197 0.6648067566938229 1.1315127662886013 0.4630802937427323 0.3005927890327816 0.29079669189249313 0.29213424139311234 0.3342994661800718 0.24707749287976727 0.1451415715472571 0.05470543031498799 0.02937488594948802 0.024018143448841265 0.015626051638415444 
     	    0.2105488821476873 0.12640238876466575 0.06857247067453912 0.26548138730295356 0.5603666669225817 0.972905107952711  0.5016230206507231 0.42059772701602305 0.39008509090063614 0.32401793982956295 0.3227229363902974 0.2063440163038398 0.0819097510530453 0.034962279756016665 0.022729352069826896 0.013590226824502328 
     	    0.2584187237653317 0.3120343441228447 0.2056889349568426 0.1643880296163751 0.28683047036985354 0.44988309698483037 0.7965440782629232 0.5084914410140261 0.44254573038641204 0.34491437608763176 0.26797919496876277 0.20150231951282452 0.09591686911351557 0.05032772291098611 0.0260390663748227 0.02017764750590651 
     	    0.23650569666886742 0.3392045609150479 0.2709415071898542 0.23935247298578724 0.21441329061880093 0.3297349078417193 0.4263246931951727 0.8193930019223927 0.5498058941923064 0.37175292956353745 0.2738711812928783 0.1585964276627816 0.09652116750498863 0.06450370141426522 0.0457674634350563 0.02435557236342051 
     	    0.1087971370343525 0.22428147124585146 0.2843236946426966 0.33463054050530144 0.22784617569995427 0.2799154932550799 0.3619420838271743 0.4676324007103197 0.7510257271437164 0.42618964090705325 0.3286559449440255 0.15103558010824383 0.0786776606184933 0.05907718795131331 0.055735733223595485 0.028707618760735267 
     	    0.10997857322525176 0.15268208487469231 0.2024779972813827 0.43452662660898833 0.2488267448675041 0.23532066044786482 0.28717330575351946 0.3531705734067656 0.4184238473630609 0.6075521403043547 0.3409427607243153 0.16320982030151   0.0664252622826638 0.03621632349519699 0.045386179987097874 0.03943334191848262 
     	    0.09442732801545417 0.17429479545344853 0.25747793907261324 0.3591097236884113 0.24669372118233057 0.2938310608983997 0.2788571208493319 0.3044188512960651 0.42445383913696383 0.46017623791021467 0.5741866023694455 0.25751333585015224 0.09062617788694163 0.044253270239892485 0.04216471376804556 0.037769465457406545 
     	    0.1548854097397728 0.19902045666204168 0.190770341360879  0.2561354348319058 0.18540379093709694 0.26330977135695044 0.2767225869584914 0.23773952119581016 0.2785561030988909 0.2598941338155373 0.3241642999624602 0.45892657242661766 0.15607994245614468 0.07272486839515958 0.04296283956670812 0.02425379952646534 
     	    0.11842784090190692 0.10921736889157693 0.07930174226339179 0.11453720292487428 0.08187705312621156 0.11147689256171237 0.13919579313624653 0.1582252795636679 0.13563412068099207 0.11593639202099518 0.11977405786388266 0.15953341988869468 0.3008774415111899 0.11130464804125881 0.0783938379429298 0.019553459976046822 
     	    0.05945938416462723 0.08621051171692445 0.06960941171306186 0.04438967534632197 0.04045388197218111 0.04506111062588   0.06961792992047636 0.08579453009836555 0.09325330315143768 0.05040806736021782 0.052278455141602856 0.06799515068714579 0.09170058845669084 0.2567073796979037 0.0876163149425768 0.024344982588457586 
     	    0.019073749324231334 0.04807370599594336 0.04478298214890679 0.043055466429427314 0.016612295641213085 0.02220842485242426 0.02341885176494272 0.045972959602282135 0.06906939343021076 0.050713982332265026 0.038939056857937505 0.03060982619020887 0.0586512760358592 0.07553396822767305 0.18717851500659483 0.039278143319718274 
     	    0.05904265019781625 0.07598777687406849 0.10681567485625783 0.08511976784269644 0.029614767790407136 0.028491355841582036 0.04332723248339755 0.06499210265502768 0.08393195968656918 0.10488916157228748 0.09176332421590119 0.04599487868954838 0.0348663266168499 0.06251163324154177 0.1074089007976646 0.11689353287040659 

# ---------------------------------------------------------- 
DAY 120.0 
GAMA 		0.18126924692201818 0.18126924692201818 0.18126924692201818 0.18126924692201818 0.18126924692201818 0.18126924692201818 0.18126924692201818 0.18126924692201818 0.18126924692201818 0.18126924692201818 0.18126924692201818 0.18126924692201818 0.18126924692201818 0.18126924692201818 0.18126924692201818 0.18126924692201818 
xI 			0.0                0.0                0.0                0.0                0.0                0.0                0.0                0.0                0.0                0.0                0.0                0.0                0.0                0.0                0.0                0.0                
xA 			0.0                0.0                0.0                0.0                0.0                0.0                0.0                0.0                0.0                0.0                0.0                0.0                0.0                0.0                0.0                0.0                
BETA 		0.694118127699458  0.2690795656092687 0.10495114592066164 0.06150877786483031 0.07342996097853123 0.13699206627583757 0.2138813533522222 0.2192366969551969 0.10549040806435717 0.07726738570801762 0.0643782822747544 0.06836669202619043 0.05273720561278346 0.03688610063917709 0.020200642831402996 0.0193796304715283 
     	    0.26614625225825506 1.455600351481152  0.3246952464827587 0.08089165590791832 0.03592646261405459 0.09460418977223975 0.21829724336578726 0.27597765317862377 0.21546533009647517 0.10369834903140553 0.08573642680921538 0.0791334772267117 0.05125251546133229 0.04791630029493357 0.03391433406593851 0.025178201897637975 
     	    0.09397111651089615 0.4519152494187698 2.2158798560682897 0.37349995827232035 0.06175469188689071 0.05001293701039797 0.13574312027161878 0.23475573219531312 0.28797357855112   0.16491837359669786 0.13107191336298696 0.0796242095183699 0.03833461836323035 0.04194255186922274 0.036379712832144376 0.03714271779517421 
     	    0.05450220615770407 0.09584265192899238 0.6516207176583717 2.9442111514664626 0.40878488468222496 0.17564662622690197 0.14583811107892253 0.23321774764547054 0.3355282015549122 0.34491641975952986 0.2178452149951396 0.12137314648508032 0.052088320370265  0.0285595299102196 0.029514475686186495 0.028337934615622604 
     	    0.09205056554030007 0.05720819218419614 0.0871248649698197 0.6648067566938229 1.1315127662886013 0.4630802937427323 0.3005927890327816 0.29079669189249313 0.29213424139311234 0.3342994661800718 0.24707749287976727 0.1451415715472571 0.05470543031498799 0.02937488594948802 0.024018143448841265 0.015626051638415444 
     	    0.2105488821476873 0.12640238876466575 0.06857247067453912 0.26548138730295356 0.5603666669225817 0.972905107952711  0.5016230206507231 0.42059772701602305 0.39008509090063614 0.32401793982956295 0.3227229363902974 0.2063440163038398 0.0819097510530453 0.034962279756016665 0.022729352069826896 0.013590226824502328 
     	    0.2584187237653317 0.3120343441228447 0.2056889349568426 0.1643880296163751 0.28683047036985354 0.44988309698483037 0.7965440782629232 0.5084914410140261 0.44254573038641204 0.34491437608763176 0.26797919496876277 0.20150231951282452 0.09591686911351557 0.05032772291098611 0.0260390663748227 0.02017764750590651 
     	    0.23650569666886742 0.3392045609150479 0.2709415071898542 0.23935247298578724 0.21441329061880093 0.3297349078417193 0.4263246931951727 0.8193930019223927 0.5498058941923064 0.37175292956353745 0.2738711812928783 0.1585964276627816 0.09652116750498863 0.06450370141426522 0.0457674634350563 0.02435557236342051 
     	    0.1087971370343525 0.22428147124585146 0.2843236946426966 0.33463054050530144 0.22784617569995427 0.2799154932550799 0.3619420838271743 0.4676324007103197 0.7510257271437164 0.42618964090705325 0.3286559449440255 0.15103558010824383 0.0786776606184933 0.05907718795131331 0.055735733223595485 0.028707618760735267 
     	    0.10997857322525176 0.15268208487469231 0.2024779972813827 0.43452662660898833 0.2488267448675041 0.23532066044786482 0.28717330575351946 0.3531705734067656 0.4184238473630609 0.6075521403043547 0.3409427607243153 0.16320982030151   0.0664252622826638 0.03621632349519699 0.045386179987097874 0.03943334191848262 
     	    0.09442732801545417 0.17429479545344853 0.25747793907261324 0.3591097236884113 0.24669372118233057 0.2938310608983997 0.2788571208493319 0.3044188512960651 0.42445383913696383 0.46017623791021467 0.5741866023694455 0.25751333585015224 0.09062617788694163 0.044253270239892485 0.04216471376804556 0.037769465457406545 
     	    0.1548854097397728 0.19902045666204168 0.190770341360879  0.2561354348319058 0.18540379093709694 0.26330977135695044 0.2767225869584914 0.23773952119581016 0.2785561030988909 0.2598941338155373 0.3241642999624602 0.45892657242661766 0.15607994245614468 0.07272486839515958 0.04296283956670812 0.02425379952646534 
     	    0.11842784090190692 0.10921736889157693 0.07930174226339179 0.11453720292487428 0.08187705312621156 0.11147689256171237 0.13919579313624653 0.1582252795636679 0.13563412068099207 0.11593639202099518 0.11977405786388266 0.15953341988869468 0.3008774415111899 0.11130464804125881 0.0783938379429298 0.019553459976046822 
     	    0.05945938416462723 0.08621051171692445 0.06960941171306186 0.04438967534632197 0.04045388197218111 0.04506111062588   0.06961792992047636 0.08579453009836555 0.09325330315143768 0.05040806736021782 0.052278455141602856 0.06799515068714579 0.09170058845669084 0.2567073796979037 0.0876163149425768 0.024344982588457586 
     	    0.019073749324231334 0.04807370599594336 0.04478298214890679 0.043055466429427314 0.016612295641213085 0.02220842485242426 0.02341885176494272 0.045972959602282135 0.06906939343021076 0.050713982332265026 0.038939056857937505 0.03060982619020887 0.0586512760358592 0.07553396822767305 0.18717851500659483 0.039278143319718274 
     	    0.05904265019781625 0.07598777687406849 0.10681567485625783 0.08511976784269644 0.029614767790407136 0.028491355841582036 0.04332723248339755 0.06499210265502768 0.08393195968656918 0.10488916157228748 0.09176332421590119 0.04599487868954838 0.0348663266168499 0.06251163324154177 0.1074089007976646 0.11689353287040659 
